0,0,100%,100%|0,0,0|9,6
c3
	0,0,25%,100%|0,0,0|8,7
	c2
		0,0,100%,30%|0,0,0|8,1
		c2
			0,0,100%,20%|0,0,0|9,1
			e2
				0,0,50%,100%|0,0,0
				0,0,50%,100%|0,0,0
			0,0,100%,80%|0,0,0|9,1
			c2
				0,0,10%,100%|0,0,0|8,7
				e4
					0,0,100%,19%|0,0,0
					0,0,100%,19%|0,0,0
					0,0,100%,19%|0,0,0
					0,0,100%,19%|0,0,0
				0,0,85%,100%|0,0,0|8,2
				c2
					0,0,100%,80%|0,0,0|9,3
					0,0,100%,20%|0,0,0|9,2
					e1
						0,0,25%,100%|0,0,0
		0,0,100%,30%|0,0,0|8,2
		c2
			0,0,100%,20%|0,0,0|9,1
			e2
				0,0,50%,100%|0,0,0
				0,0,50%,100%|0,0,0
			0,0,100%,80%|0,0,0|9,1
			c2
				0,0,10%,100%|0,0,0|8,6
				e4
					0,0,100%,19%|0,0,0
					0,0,100%,19%|0,0,0
					0,0,100%,19%|0,0,0
					0,0,100%,19%|0,0,0
				0,0,85%,100%|0,0,0|8,2
				c2
					0,0,100%,80%|0,0,0|9,3
					0,0,100%,20%|0,0,0|9,2
					e1
						0,0,25%,100%|0,0,0
	0,0,50%,100%|0,0,0|8,6
	c4
	0,0,100%,18%|0,0,0|9,6
	e3
		0,0,18%,100%|0,0,0|
		0,0,18%,100%|0,0,0|
		0,0,18%,100%|0,0,0|
	0,0,100%,18%|0,0,0|9,6
	e4
		0,0,18%,100%|0,0,0|
		0,0,18%,100%|0,0,0|
		0,0,18%,100%|0,0,0|
		0,0,18%,100%|0,0,0|
	0,0,100%,18%|0,0,0|9,6
	e4
		0,0,18%,100%|0,0,0|
		0,0,18%,100%|0,0,0|
		0,0,18%,100%|0,0,0|
		0,0,18%,100%|0,0,0|
	0,0,100%,18%|0,0,0|9,6
	e4
		0,0,18%,100%|0,0,0|
		0,0,18%,100%|0,0,0|
		0,0,18%,100%|0,0,0|
		0,0,18%,100%|0,0,0|
0,0,25%,100%|0,0,0|8,7
c2
	0,0,100%,30%|0,0,0|8,1
	c2
		0,0,100%,20%|0,0,0|9,1
		e2
			0,0,50%,100%|0,0,0
			0,0,50%,100%|0,0,0
		0,0,100%,80%|0,0,0|9,1
		c2
			0,0,85%,100%|0,0,0|8,2
			c2
				0,0,100%,80%|0,0,0|9,3
				0,0,100%,20%|0,0,0|9,2
				e1
					0,0,25%,100%|0,0,0
			0,0,10%,100%|0,0,0|8,7
			e4
				0,0,100%,19%|0,0,0
				0,0,100%,19%|0,0,0
				0,0,100%,19%|0,0,0
				0,0,100%,19%|0,0,0
	0,0,100%,30%|0,0,0|8,2
	c2
		0,0,100%,20%|0,0,0|9,1
		e2
			0,0,50%,100%|0,0,0
			0,0,50%,100%|0,0,0
		0,0,100%,80%|0,0,0|9,1
		c2
			0,0,85%,100%|0,0,0|8,2
			c2
				0,0,100%,80%|0,0,0|9,3
				0,0,100%,20%|0,0,0|9,2
				e1
					0,0,25%,100%|0,0,0
			0,0,10%,100%|0,0,0|8,6
			e4
				0,0,100%,19%|0,0,0
				0,0,100%,19%|0,0,0
				0,0,100%,19%|0,0,0
				0,0,100%,19%|0,0,0
